[gd_scene load_steps=2 format=2]

[ext_resource path="res://terrain/plains/Plains.tscn" type="PackedScene" id=1]

[node name="Main" type="Spatial" index="0"]

[node name="DirectionalLight" type="DirectionalLight" parent="." index="0"]

transform = Transform( -0.901154, -0.214006, -0.376992, -0.426371, 0.280497, 0.859959, -0.0782914, 0.935694, -0.344018, 0, 0, 0 )
layers = 1
light_color = Color( 1, 1, 1, 1 )
light_energy = 1.0
light_indirect_energy = 1.0
light_negative = false
light_specular = 0.5
light_bake_mode = 1
light_cull_mask = -1
shadow_enabled = true
shadow_color = Color( 0, 0, 0, 1 )
shadow_bias = 0.1
shadow_contact = 0.0
shadow_reverse_cull_face = false
editor_only = false
directional_shadow_mode = 2
directional_shadow_split_1 = 0.1
directional_shadow_split_2 = 0.2
directional_shadow_split_3 = 0.5
directional_shadow_blend_splits = false
directional_shadow_normal_bias = 0.8
directional_shadow_bias_split_scale = 0.25
directional_shadow_depth_range = 0
directional_shadow_max_distance = 200.0
_sections_unfolded = [ "Transform" ]

[node name="Plains" parent="." index="1" instance=ExtResource( 1 )]

transform = Transform( 0.5, 0, 0.866026, 0, 1, 0, -0.866026, 0, 0.5, 0, 0, 0 )

[node name="Plains2" parent="." index="2" instance=ExtResource( 1 )]

transform = Transform( 0.5, 0, -0.866025, 0, 1, 0, 0.866025, 0, 0.5, 6.91954, 0, 11.985 )
_sections_unfolded = [ "Transform" ]
coordinates = Vector3( 1, 0, -1 )

[node name="Plains3" parent="." index="3" instance=ExtResource( 1 )]

transform = Transform( -0.5, 0, 0.866025, 0, 1, 0, -0.866025, 0, -0.5, -6.91954, 0, 11.985 )
coordinates = Vector3( 0, 1, -1 )

[node name="Plains4" parent="." index="4" instance=ExtResource( 1 )]

transform = Transform( -0.5, 0, 0.866025, 0, 1, 0, -0.866025, 0, -0.5, 0, 0, 23.97 )
coordinates = Vector3( 1, 1, -2 )

[node name="Plains5" parent="." index="5" instance=ExtResource( 1 )]

transform = Transform( -0.499999, 0, -0.866026, 0, 1, 0, 0.866026, 0, -0.499999, -13.8391, 0, 0 )
coordinates = Vector3( -1, 1, 0 )

[node name="Plains6" parent="." index="6" instance=ExtResource( 1 )]

transform = Transform( -1, 0, -3.25841e-07, 0, 1, 0, 3.25841e-07, 0, -1, 13.8391, 0, 0 )
coordinates = Vector3( 1, -1, 0 )


