[gd_scene load_steps=3 format=2]

[ext_resource path="res://terrain/water/Water.tscn" type="PackedScene" id=1]
[ext_resource path="res://terrain/plains/Plains.tscn" type="PackedScene" id=2]

[node name="Main" type="Spatial" index="0"]

[node name="DirectionalLight" type="DirectionalLight" parent="." index="0"]
transform = Transform( -0.901154, -0.214006, -0.376992, -0.426371, 0.280497, 0.859959, -0.0782914, 0.935694, -0.344018, 0, 0, 0 )
layers = 1
light_color = Color( 1, 1, 1, 1 )
light_energy = 1.0
light_indirect_energy = 1.0
light_negative = false
light_specular = 0.5
light_bake_mode = 1
light_cull_mask = -1
shadow_enabled = true
shadow_color = Color( 0, 0, 0, 1 )
shadow_bias = 0.1
shadow_contact = 0.0
shadow_reverse_cull_face = false
editor_only = false
directional_shadow_mode = 2
directional_shadow_split_1 = 0.1
directional_shadow_split_2 = 0.2
directional_shadow_split_3 = 0.5
directional_shadow_blend_splits = false
directional_shadow_normal_bias = 0.8
directional_shadow_bias_split_scale = 0.25
directional_shadow_depth_range = 0
directional_shadow_max_distance = 200.0
_sections_unfolded = [ "Light", "Transform" ]

[node name="Water" parent="." index="1" instance=ExtResource( 1 )]
transform = Transform( 1, 0, 0, 0, 1, 0, 0, 0, 1, -6.91954, 0, -11.985 )
coordinates = Vector3( -1, 0, 1 )

[node name="Water2" parent="." index="2" instance=ExtResource( 1 )]
transform = Transform( 0.5, 0, 0.866025, 0, 1, 0, -0.866025, 0, 0.5, 6.91954, 0, -11.985 )
coordinates = Vector3( 0, -1, 1 )

[node name="Water3" parent="." index="3" instance=ExtResource( 1 )]
transform = Transform( 0.5, 0, 0.866025, 0, 1, 0, -0.866025, 0, 0.5, 20.7586, 0, -11.985 )
coordinates = Vector3( 1, -2, 1 )

[node name="Water4" parent="." index="4" instance=ExtResource( 1 )]
transform = Transform( 0.5, 0, 0.866025, 0, 1, 0, -0.866025, 0, 0.5, 27.6782, 0, 0 )
coordinates = Vector3( 2, -2, 0 )

[node name="Water5" parent="." index="5" instance=ExtResource( 1 )]
transform = Transform( -0.5, 0, -0.866025, 0, 1, 0, 0.866025, 0, -0.5, 20.7586, 0, 11.985 )
coordinates = Vector3( 2, -1, -1 )

[node name="Water6" parent="." index="6" instance=ExtResource( 1 )]
transform = Transform( -0.5, 0, -0.866025, 0, 1, 0, 0.866025, 0, -0.5, 13.8391, 0, 23.97 )
coordinates = Vector3( 2, 0, -2 )

[node name="Water7" parent="." index="7" instance=ExtResource( 1 )]
transform = Transform( -0.5, 0, -0.866025, 0, 1, 0, 0.866025, 0, -0.5, 6.91954, 0, 35.955 )
coordinates = Vector3( 2, 1, -3 )

[node name="Water8" parent="." index="8" instance=ExtResource( 1 )]
transform = Transform( -0.5, 0, 0.866025, 0, 1, 0, -0.866025, 0, -0.5, -6.91954, 0, 35.955 )
coordinates = Vector3( 1, 2, -3 )

[node name="Water9" parent="." index="9" instance=ExtResource( 1 )]
transform = Transform( 0.5, 0, 0.866025, 0, 1, 0, -0.866025, 0, 0.5, -13.8391, 0, 23.97 )
coordinates = Vector3( 0, 2, -2 )

[node name="Water10" parent="." index="10" instance=ExtResource( 1 )]
transform = Transform( -1, 0, -8.74228e-08, 0, 1, 0, 8.74228e-08, 0, -1, -20.7586, 0, 11.985 )
coordinates = Vector3( -1, 2, -1 )

[node name="Water11" parent="." index="11" instance=ExtResource( 1 )]
transform = Transform( -0.5, 0, -0.866025, 0, 1, 0, 0.866025, 0, -0.5, -27.6782, 0, 0 )
coordinates = Vector3( -2, 2, 0 )

[node name="Water12" parent="." index="12" instance=ExtResource( 1 )]
transform = Transform( 1, 0, 0, 0, 1, 0, 0, 0, 1, -20.7586, 0, -11.985 )
coordinates = Vector3( -2, 1, 1 )

[node name="Camera" type="Camera" parent="." index="13"]
transform = Transform( -0.384266, -0.254921, 0.88733, -0.101304, 0.966962, 0.233927, -0.917648, 0, -0.397395, 22.1056, 6.56476, -9.05631 )
keep_aspect = 1
cull_mask = 1048575
environment = null
h_offset = 0.0
v_offset = 0.0
doppler_tracking = 0
projection = 0
current = false
fov = 70.0
size = 1.0
near = 0.05
far = 100.0

[node name="Plains" parent="." index="14" instance=ExtResource( 2 )]
transform = Transform( -0.5, 0, -0.866025, 0, 1, 0, 0.866025, 0, -0.5, 6.91954, 0, 11.985 )
coordinates = Vector3( 1, 0, -1 )

[node name="Plains2" parent="." index="15" instance=ExtResource( 2 )]

[node name="Plains3" parent="." index="16" instance=ExtResource( 2 )]
transform = Transform( -0.5, 0, -0.866025, 0, 1, 0, 0.866025, 0, -0.5, -6.91954, 0, 11.985 )
coordinates = Vector3( 0, 1, -1 )

[node name="Plains4" parent="." index="17" instance=ExtResource( 2 )]
transform = Transform( -0.5, 0, -0.866025, 0, 1, 0, 0.866025, 0, -0.5, 0, 0, 23.97 )
coordinates = Vector3( 1, 1, -2 )

[node name="Plains5" parent="." index="18" instance=ExtResource( 2 )]
transform = Transform( -0.5, 0, -0.866025, 0, 1, 0, 0.866025, 0, -0.5, -13.8391, 0, 0 )
coordinates = Vector3( -1, 1, 0 )

[node name="Plains6" parent="." index="19" instance=ExtResource( 2 )]
transform = Transform( -0.5, 0, -0.866025, 0, 1, 0, 0.866025, 0, -0.5, 13.8391, 0, 0 )
coordinates = Vector3( 1, -1, 0 )

